8
5
13
14
19
20
2
22
4
20
21
26
3
19
11
21
17
12
20
18
18
1
23
6
27
6
19
18
21
28
20
20
26
29
5
25
23
5
5
5
4
29
19
28
22
29
29
4
28
7
20
22
25
10
0
0
16
24
14
1
29
0
26
17
27
27
29
21
14
21
3
17
14
6
22
8
29
16
1
29
9
11
19
9
11
18
28
3
6
23
6
17
25
4
22
2
9
28
22
7
9
9
28
18
10
19
25
26
24
26
27
10
21
17
13
19
11
15
29
6
8
17
17
22
20
7
13
6
11
13
9
14
17
20
12
3
7
20
0
27
5
5
15
12
7
24
13
23
27
29
16
27
27
21
16
26
2
29
14
29
16
21
6
8
18
17
21
18
2
14
28
3
3
2
5
28
6
19
4
18
18
8
4
17
15
17
6
25
10
4
11
14
5
7
17
11
18
7
12
3
5
0
17
7
12
24
8
4
28
5
21
27
14
26
27
3
7
22
26
25
20
16
11
19
27
28
0
21
20
12
26
3
13
27
15
8
13
17
23
24
13
10
25
21
24
8
6
12
14
18
4
8
2
22
6
3
14
5
21
22
0
19
17
21
24
15
12
4
10
4
29
13
13
13
11
26
2
22
1
0
16
2
27
27
16
24
3
22
29
10
20
10
12
12
23
15
1
19
3
28
25
15
21
15
15
7
25
9
13
7
14
20
16
12
21
1
10
16
24
5
22
21
24
10
17
15
2
18
16
8
11
7
23
8
22
14
25
4
1
26
19
0
1
15
0
23
17
5
15
9
8
10
29
10
7
19
5
9
9
15
1
3
2
2
15
6
26
7
3
28
0
28
1
7
26
3
1
2
27
1
21
23
6
8
16
29
21
24
12
14
16
16
2
7
10
23
17
11
25
11
9
26
15
0
1
2
22
27
29
7
23
20
28
16
24
18
14
9
20
26
25
3
20
10
13
18
1
17
8
12
13
25
19
13
11
13
7
1
6
25
11
28
28
10
11
4
1
26
22
22
14
1
19
25
15
12
10
0
14
4
12
23
7
6
25
13
27
4
4
19
27
19
18
0
19
2
7
29
19
28
22
25
19
18
5
15
13
11
22
0
9
24
10
4
9
6
10
25
10
27
9
16
24
23
4
26
28
4
16
5
8
20
16
24
2
8
10
6
5
1
9
23
0
24
28
26
2
29
5
15
28
26
1
9
23
24
25
12
25
0
18
6
1
27
11
20
9
20
18
3
15
18
24
26
11
22
8
3
0
9
8
8
21
14
12
2
24
24
12
18
2
3
16
20
0
8
2
12
14
15
23
23
4
13
9
23
23
14
12
29
11
13
23
16
6
3
17
0
11
5
